1.4468668699264526 0.9853551983833313 1.1653753519058228
1.452683448791504 0.9713465571403503 1.1447950601577759
1.4435679912567139 0.9577527642250061 1.158150553703308
1.4453409910202026 0.9569120407104492 1.1510815620422363
1.4624881744384766 0.9549548029899597 1.1434695720672607
1.4659905433654785 0.9420343041419983 1.143323302268982
1.4560202360153198 0.9269350171089172 1.1391292810440063
1.4726874828338623 0.9196504354476929 1.136854887008667
1.4602031707763672 0.9028761386871338 1.1368513107299805
1.4790374040603638 0.893863320350647 1.1312319040298462
1.460396647453308 0.8872033953666687 1.1307365894317627
1.466292142868042 0.87386155128479 1.1417059898376465
1.4809337854385376 0.8678080439567566 1.1294366121292114
1.4724074602127075 0.8576251864433289 1.1297651529312134
1.4631167650222778 0.855786919593811 1.124584674835205
1.4700734615325928 0.8471866846084595 1.1309828758239746
1.4427099227905273 0.824317991733551 1.1179819107055664
1.4458212852478027 0.8156322240829468 1.115800142288208
1.4540022611618042 0.8093876242637634 1.1203875541687012
1.43985915184021 0.786041259765625 1.2582064867019653
1.451149344444275 0.7840615510940552 1.3923670053482056
1.4412471055984497 0.7726148962974548 1.3802480697631836
1.4411373138427734 0.7457591891288757 1.3824056386947632
1.4328908920288086 0.749416708946228 1.371164083480835
1.4349877834320068 0.7485848665237427 1.3655321598052979
1.4400867223739624 0.7266663312911987 1.3510305881500244
1.4309576749801636 0.7181287407875061 1.3597952127456665
1.434194803237915 0.7176458835601807 1.3456422090530396
1.4300779104232788 0.6886342167854309 1.3333698511123657
1.4239492416381836 0.6842160224914551 1.3260207176208496
1.4275455474853516 0.6760101914405823 1.3319900035858154
1.4254692792892456 0.6672358512878418 1.324918270111084
1.4197015762329102 0.6549820303916931 1.3152809143066406
1.4174630641937256 0.6483749747276306 1.321671724319458
1.417825698852539 0.6421683430671692 1.320855736732483
1.4159958362579346 0.6226767301559448 1.3182270526885986
1.414914846420288 0.6018190383911133 1.2970813512802124
1.4028027057647705 0.5904869437217712 0.6184248328208923
1.3997032642364502 0.5873508453369141 0.5902887582778931
1.397912859916687 0.595358669757843 0.5879362225532532
1.3928016424179077 0.5880072712898254 0.5760318040847778
1.3834757804870605 0.5903743505477905 0.5668572187423706
1.3798595666885376 1.458536148071289 0.5497120022773743
0.7350147366523743 1.440729022026062 0.5523824691772461
0.7385526299476624 1.4265940189361572 0.5341327786445618
0.7182796597480774 1.3972160816192627 0.5279062986373901
0.7255495190620422 1.3687845468521118 0.5167062878608704
0.728254497051239 1.3775769472122192 0.5090972185134888
0.7221026420593262 1.3389897346496582 0.5069379210472107
0.7023265957832336 1.3572163581848145 0.5080878138542175
0.6903353333473206 1.321507453918457 0.48685982823371887
0.7050870060920715 1.3267722129821777 0.4860837161540985
0.7068116664886475 1.314174771308899 0.4811624586582184
0.7143113613128662 1.2999101877212524 0.4798277020454407
0.7058030962944031 1.28188955783844 0.4667702913284302
0.6927275061607361 1.2685452699661255 0.46275854110717773
0.6950739622116089 1.252724289894104 0.4526180624961853
0.7037776112556458 1.242972493171692 0.44320717453956604
0.7034904956817627 1.227846622467041 0.4486248195171356
0.7010114192962646 1.2161978483200073 0.426875501871109
0.7154319286346436 1.2062950134277344 0.4320636987686157
0.7079617381095886 1.182039737701416 0.4196512699127197
0.7072203159332275 1.1628209352493286 0.42783719301223755
0.7069244384765625 1.1508255004882812 0.4039405882358551
0.7011754512786865 1.1346995830535889 0.39541494846343994
0.7258237600326538 1.1180927753448486 0.4151861369609833
0.7230075001716614 1.1041920185089111 0.4888741970062256
0.7083215117454529 1.0877463817596436 0.5718870162963867
0.7173341512680054 1.0689163208007812 0.6830827593803406
0.7384405136108398 1.0621336698532104 0.7821421027183533
0.7306620478630066 1.0455020666122437 0.8568480610847473
1.0678646564483643 1.0282409191131592 0.919055163860321
1.0542175769805908 0.9878745675086975 0.9810913801193237
1.0305429697036743 0.9728082418441772 1.051647663116455
1.0154614448547363 0.977445125579834 1.1337300539016724
0.9921495914459229 0.9428982734680176 1.2099800109863281
0.972777783870697 0.9304394721984863 1.27189302444458
0.9605162739753723 0.9073824286460876 1.3182097673416138
0.9497811198234558 0.9040117263793945 1.3023688793182373
0.9090306758880615 0.8813573122024536 1.3006566762924194
0.9068896174430847 0.8679608702659607 1.3007688522338867
0.8750282526016235 0.8416593074798584 1.2952650785446167
0.8593187928199768 0.8293792605400085 1.2915990352630615
0.8320783376693726 0.8119892477989197 1.2820171117782593
0.817538857460022 0.7904481887817383 1.283811092376709
0.7853877544403076 0.7808929681777954 1.2511179447174072
0.772014319896698 0.759392499923706 1.2014695405960083
0.7438769340515137 0.7419788837432861 1.155359148979187
0.7290111184120178 0.7106237411499023 1.1392160654067993
0.7094542384147644 0.7126795649528503 1.0935282707214355
0.7055042386054993 0.6973339319229126 1.0745062828063965
0.6859238743782043 0.6752561330795288 1.0352929830551147
0.6670978665351868 0.6786810755729675 1.0522958040237427
0.6495875716209412 0.6636109352111816 1.0053257942199707
0.6304022073745728 0.6428766846656799 1.0206211805343628
0.6185486316680908 0.6406947374343872 0.9800443649291992
0.5992416143417358 0.618689239025116 1.0005192756652832
0.5840667486190796 0.622480571269989 0.957777738571167
0.5657622814178467 0.6266180276870728 0.9597104787826538
0.5573572516441345 0.5971441864967346 0.9540174007415771
