1.0006030797958374 0.8529014587402344 1.4447526931762695
0.9938005208969116 0.8438028693199158 1.426137089729309
0.992628812789917 0.839759349822998 1.4382940530776978
0.9895761013031006 0.8381470441818237 1.4341586828231812
0.9819062948226929 0.8398752212524414 1.4245322942733765
0.990249514579773 0.8393753170967102 1.4450136423110962
0.9847449064254761 0.8439958095550537 1.430485725402832
0.9982134103775024 0.8450816869735718 1.4340990781784058
0.9920694828033447 0.8345190286636353 1.4182881116867065
0.9915894865989685 0.8476737141609192 1.430334448814392
0.9937896132469177 0.8467702865600586 1.4369606971740723
0.9973031878471375 0.8358350992202759 1.4330062866210938
0.9967309832572937 0.8466587662696838 1.4287208318710327
0.9816575646400452 0.8453159928321838 1.4351997375488281
0.9857866168022156 0.852978527545929 1.433873176574707
0.9958443641662598 0.8496541380882263 1.4207348823547363
0.9998491406440735 0.836862325668335 1.4311760663986206
0.9894254207611084 0.8553027510643005 1.4234594106674194
0.9966040849685669 0.8387747406959534 1.440816044807434
1.0058876276016235 0.8408955335617065 1.4376784563064575
0.9917935729026794 0.8559365272521973 1.430874228477478
1.0067847967147827 0.8407329320907593 1.4392447471618652
0.9940105676651001 0.8476161956787109 1.4264010190963745
0.9809885621070862 0.8395281434059143 1.4304004907608032
0.9753075242042542 0.8448013663291931 1.446718454360962
0.9867501258850098 0.8416208624839783 1.420462965965271
0.9606634974479675 0.8441692590713501 1.4193617105484009
0.988483190536499 0.836463212966919 1.4257711172103882
0.9802749156951904 0.8334252834320068 1.4422030448913574
0.9860534071922302 0.8363147974014282 1.4324297904968262
0.9870863556861877 0.8306695222854614 1.4346086978912354
0.970770537853241 0.8290423154830933 1.4288487434387207
0.9737501740455627 0.8222493529319763 1.423280119895935
0.9732592105865479 0.8206812739372253 1.4298049211502075
0.9741733074188232 0.8150334358215332 1.4318177700042725
0.95378178358078 0.8199969530105591 1.4264945983886719
0.9600088596343994 0.8110703825950623 1.4227129220962524
0.9561516046524048 0.814251184463501 1.4241796731948853
0.9653987884521484 0.8086983561515808 1.4374003410339355
0.9339699149131775 0.8012137413024902 1.4172389507293701
0.9303359389305115 0.7995156645774841 1.4078130722045898
0.9353221654891968 0.8002719283103943 1.4073630571365356
0.9230071306228638 0.7897041440010071 1.4256556034088135
0.9332255721092224 0.783667802810669 1.4099334478378296
0.9205002784729004 0.7764474749565125 1.421251654624939
0.9063504338264465 0.7751993536949158 1.4112966060638428
0.9111666679382324 0.7722694873809814 1.4127659797668457
0.90312260389328 0.7510527968406677 1.410759449005127
0.8824408650398254 0.7573780417442322 1.4114512205123901
0.8885706663131714 0.7508408427238464 1.4042987823486328
0.861831784248352 0.7379444241523743 1.405351161956787
0.8646093010902405 0.7373682856559753 1.4029173851013184
0.8549589514732361 0.7024676203727722 1.3994715213775635
0.832668125629425 0.7070602178573608 1.3985495567321777
0.8255518078804016 0.6983916759490967 1.3830492496490479
0.8275581002235413 0.6896350979804993 1.3736804723739624
0.8033233880996704 0.6763913035392761 1.3946917057037354
0.7894476652145386 0.66642165184021 1.3739148378372192
0.7708173990249634 0.6563892960548401 1.3862136602401733
0.7456125020980835 0.6507035493850708 1.3868242502212524
0.7363248467445374 0.6312006115913391 1.3784065246582031
0.7208084464073181 0.6297535300254822 1.3803024291992188
0.6873033046722412 0.6098388433456421 1.3644239902496338
0.682347297668457 0.6000122427940369 1.3777961730957031
0.6569111347198486 0.5869427919387817 1.3620541095733643
0.6333467364311218 0.5692398548126221 1.3655132055282593
0.6074426174163818 0.5691449642181396 1.3788506984710693
0.5856385231018066 0.5589829683303833 1.3607897758483887
0.5686070322990417 0.5363077521324158 1.3685698509216309
0.5596939921379089 0.5292901396751404 1.3680269718170166
0.5187716484069824 0.5293627381324768 1.3539543151855469
0.509811520576477 0.49745938181877136 1.344046711921692
0.5040991306304932 0.5005802512168884 1.3532965183258057
0.47845259308815 0.4889197051525116 1.342494249343872
0.4738384485244751 0.4953262507915497 1.3396241664886475
0.4700881540775299 0.47844523191452026 1.3356475830078125
0.44457441568374634 0.47947078943252563 1.3362903594970703
0.4427350163459778 0.48924869298934937 1.3208041191101074
0.44479045271873474 0.48012638092041016 1.3000940084457397
0.4209129810333252 0.47659844160079956 1.2954022884368896
0.4191884696483612 0.4802646338939667 1.293987512588501
0.401630699634552 1.2744083404541016 1.2846558094024658
0.41505569219589233 1.281552791595459 1.278335452079773
0.4099450409412384 1.2599544525146484 1.7384974956512451
0.39552822709083557 1.2591474056243896 1.7510665655136108
0.3963465392589569 1.2446765899658203 1.7246685028076172
0.37511730194091797 1.22455632686615 1.7490071058273315
0.3808744251728058 1.2211673259735107 1.72935950756073
0.372673898935318 1.2153165340423584 1.7238579988479614
0.37268707156181335 1.2039307355880737 1.7265143394470215
0.36105847358703613 1.200921893119812 1.7122141122817993
0.34770944714546204 1.1806737184524536 1.700722336769104
0.36010032892227173 1.1665505170822144 1.1982033252716064
0.35730990767478943 1.1549482345581055 1.1748212575912476
0.3500608205795288 1.1415295600891113 1.173749566078186
0.36069977283477783 1.1292431354522705 1.1781080961227417
0.35206639766693115 1.1047279834747314 1.1759600639343262
0.36724305152893066 1.1215531826019287 1.181643009185791
1.3692760467529297 1.0982823371887207 1.1867058277130127
1.3772283792495728 1.0847710371017456 1.1705468893051147
1.3775290250778198 1.0755348205566406 1.1726760864257812
1.3713603019714355 1.0687179565429688 1.175734281539917
1.3790225982666016 1.0574321746826172 1.1767064332962036
1.4157766103744507 1.0379043817520142 1.176209807395935
1.4059137105941772 1.029798984527588 1.1752064228057861
1.4230564832687378 1.015761375427246 1.174038290977478
1.4233314990997314 1.006462812423706 1.1697072982788086
1.4312113523483276 0.989841878414154 1.1504764556884766
